0.01 -69.32471888939887
0.02 -34.67736569694163
0.03 -23.13492853598182
0.04 -17.36873292042712
0.05 -13.91304800141332
0.06 -11.61263356705472
0.07 -9.972389621980130
0.08 -8.744768789756260
0.09 -7.792247120863860
0.10 -7.032312422858324
0.11 -6.412458962806447
0.12 -5.897684825469304
0.13 -5.463759728679285
0.14 -5.093378068083693
0.15 -4.773850751738112
0.16 -4.495662604943513
0.17 -4.251538935120354
0.18 -4.035823251248335
0.19 -3.844051503357757
0.20 -3.672654061640297
0.21 -3.518742857151350
0.22 -3.379956589412092
0.23 -3.254346330995558
0.24 -3.140289749869373
0.25 -3.036425940623512
0.26 -2.941605321454371
0.27 -2.854850698455860
0.28 -2.775326716250334
0.29 -2.702315687169327
0.30 -2.635198336751828
0.31 -2.573438398006651
0.32 -2.516570283489262
0.33 -2.464189301899342
0.34 -2.415944096816895
0.35 -2.371531197813207
0.36 -2.330691807693183
0.37 -2.293211181027940
0.38 -2.258921001409939
0.39 -2.227704423987054
0.40 -2.199500456600350
0.41 -2.174297417263233
0.42 -2.152097806035608
0.43 -2.132847264394033
0.44 -2.116364055435366
0.45 -2.102334199938203
0.46 -2.090380820696930
0.47 -2.080143777479502
0.48 -2.071320314791580
0.49 -2.063669517028629
0.50 -2.057001644015791
0.51 -2.051165733746537
0.52 -2.046039758594115
0.53 -2.041523586103762
0.54 -2.037534023079539
0.55 -2.034001261293322
0.56 -2.030866256128285
0.57 -2.028078740538115
0.58 -2.025595685913200
0.59 -2.023380087352141
0.60 -2.021399990819434
0.61 -2.019627704662751
0.62 -2.018039154176408
0.63 -2.016613348798569
0.64 -2.015331939092759
0.65 -2.014178846051720
0.66 -2.013139949185712
0.67 -2.012202822769243
0.68 -2.011356511816133
0.69 -2.010591341031694
0.70 -2.009898751290278
0.71 -2.009271159202943
0.72 -2.008701836142865
0.73 -2.008184803735713
0.74 -2.007714743335633
0.75 -2.007286917422586
0.76 -2.006897101194483
0.77 -2.006541522903956
0.78 -2.006216811716935
0.79 -2.005919952058257
0.80 -2.005648243565609
0.81 -2.005399265903420
0.82 -2.005170847797298
0.83 -2.004961039741324
0.84 -2.004768089907798
0.85 -2.004590422854400
0.86 -2.004426620679284
0.87 -2.004275406321801
0.88 -2.004135628746896
0.89 -2.004006249785675
0.90 -2.003886332434242
0.91 -2.003775030438285
0.92 -2.003671579012837
0.93 -2.003575286565495
0.94 -2.003485527307774
0.95 -2.003401734653395
0.96 -2.003323395314665
0.97 -2.003250044018746
0.98 -2.003181258774978
0.99 -2.003116656632532
1.00 -2.003055889874772
