20 4 0.3  -2.3859527   -0.15059349  0.67060781  9.8613229e-10 1160
20 4 0.4  -1.8333069   -0.200139    0.6532672   9.6640962e-10    0
20 4 0.5  -1.5115722   -0.24913962  0.63121629  9.4708141e-10    0
20 4 0.6  -1.3052247   -0.29747611  0.60464913  9.281399e-10     0
20 4 0.7  -1.1646637   -0.34503937  0.57373703  9.0957719e-10    0
20 4 0.8  -1.0651367   -0.39173171  0.53872401  8.9138552e-10    0
20 4 0.9  -0.99286348  -0.43746763  0.49985623  6.4777161e-10    0
20 4 1.   -0.93956453  -0.4821732   0.45739132  5.7184957e-10    0
20 4 1.1  -0.89998168  -0.52578741  0.4116137   5.4326565e-10    0
20 4 1.2  -0.87057573  -0.56826061  0.36277819  4.7801507e-10    0
20 4 1.3  -0.8489151   -0.60955465  0.31116849  7.3484197e-10    0
20 4 1.4  -0.83325422  -0.64964199  0.25705713  8.0246476e-10    0
20 4 1.5  -0.82231981  -0.68850458  0.20072293  8.9779684e-10    0
20 4 1.6   6.521543    10.11059     5.7424755   0.015891615   9999
20 4 1.7   1.8197616    3.6645303   3.1361067   0.014125976   9999
20 4 1.8  -4.5057383   -5.8095026  -2.346776    0.0071813292  9999
20 4 1.9   9.6428175   11.125883    2.8178234   0.014442298   9999
20 4 2.   -5.1724596   -6.534688   -2.7244568   0.008165231   9999
20 4 2.1  -5.6220818   -7.4889703  -3.9204664   0.0097803576  9999
20 4 2.2  16.376934    19.412022    6.6771927   0.026176075   9999
20 4 2.3  -1.8772064   -2.1282585  -0.57741976  0.0056590661  9999
20 4 2.4  -3.0592704   -3.2394097  -0.43233395  0.0061528091  9999
20 4 2.5   8.4569807   10.135351    4.1959267   0.023367371   9999
20 4 2.6   8.4989262    9.2900486   2.0569172   0.014210771   9999
20 4 2.7  -4.1573324   -5.0989447  -2.5423527   0.0071771466  9999
20 4 2.8  -4.3765345   -5.6976447  -3.6991091   7.9575795e-09 9999
20 4 2.9  -4.809442    -6.2457252  -4.1652222   9.3312624e-10 4110
20 4 3.   -5.2402453   -6.7765846  -4.6090183   9.2868585e-10 4141
20 4 3.1  -5.66816     -7.2897811  -5.0270252   9.0308189e-10 5592
20 4 3.2  -6.0938101   -7.7870226  -5.4182796   9.4085195e-10 8986
20 4 3.3  -6.5171294   -8.268301   -5.7788658   1.4380142e-08 9999
20 4 3.4  -6.9372468   -8.7332554  -6.1064301   8.5155383e-10 7105
20 4 3.5  -7.3539171   -9.1831846  -6.4024372   9.4529673e-10 5825
20 4 3.6  -7.7688155   -9.6225348  -6.6733894   9.4649666e-10 7077
20 4 3.7  -8.1847153  -10.057892   -6.9307518   9.8092534e-10 9935
20 4 3.8  -8.6030331  -10.491989   -7.1780319   9.2498914e-10 3866
20 4 3.9  -9.0214233  -10.922182   -7.4129601   8.5867768e-10 2813
20 4 4.   -9.438036   -11.346236   -7.6328011   9.4286656e-10 2227
20 4 4.1  -9.8520985  -11.763443   -7.8365097   9.9199249e-10 2902
20 4 4.2 -10.263471   -12.174082   -8.0245667   9.9221442e-10 4039
20 4 4.3 -10.672544   -12.579267   -8.1989021   9.7383523e-10 5234
20 4 4.4 -11.080379   -12.981259   -8.3638725   8.2355223e-10 5226
20 4 4.5 -11.487495   -13.381287   -8.5220604   6.9191869e-10 3863
20 4 4.6 -11.893268   -13.778505   -8.6720924   9.3712527e-10 3386
20 4 4.7 -12.297422   -14.172656   -8.8135986   9.5717545e-10 3681
20 4 4.8 -12.700032   -14.564058   -8.9473305   9.7303476e-10 3612
20 4 4.9 -13.101152   -14.952962   -9.0738678   9.4921337e-10 3244
20 4 5.  -13.500796   -15.339534   -9.1936874   7.8275775e-10 2739
