20 4 0.3 -2.3893361  0.00085136807 -0.15895969 0.66911298
20 4 0.4 -1.8394425  0.0011588319  -0.21774177 0.64868027
20 4 0.5 -1.5211806  0.0011404919  -0.27719793 0.62199134
20 4 0.6 -1.3187915  0.0010699792  -0.33585638 0.58976102
20 4 0.7 -1.1823928  0.0011069131  -0.39008743 0.55461365
20 4 0.8 -1.0868734  0.001123813   -0.4451766  0.51335728
20 4 0.9 -1.0180434  0.0011456067  -0.4890658  0.47607985
20 4 1.0 -0.96730804 0.001081396   -0.53088474 0.4364233
20 4 1.1 -0.92919284 0.0010732325  -0.56392938 0.4017899
20 4 1.2 -0.90002519 0.0010177105  -0.59242094 0.36912492
20 4 1.3 -0.87738669 0.00090576021 -0.61717016 0.33828136
20 4 1.4 -0.85955018 0.00078215695 -0.636922   0.31167939
20 4 1.5 -0.84530449 0.0006494883  -0.65434384 0.28644073
20 4 1.6 -0.83378565 0.0005070261  -0.66789144 0.26543063
20 4 1.7 -0.82436222 0.00038830758 -0.67897433 0.24715939
20 4 1.8 -0.81657553 0.00038735609 -0.6887514  0.23008335
20 4 1.9 -0.81006479 0.00027163883 -0.69626254 0.21622431
20 4 2.0 -0.80457574 0.0002373443  -0.70454109 0.20006911
20 4 2.1 -0.79990071 0.00023205683 -0.7092213  0.19042651
20 4 2.2 -0.79588979 0.00017832896 -0.71376246 0.18067986
20 4 2.3 -0.79241276 0.00015844025 -0.71781117 0.17158364
20 4 2.4 -0.78938669 0.00013147555 -0.72115684 0.16375142
20 4 2.5 -0.7867232  0.0001353994  -0.7241959  0.15631829
20 4 2.6 -0.7843675  0.00012031467 -0.72672051 0.1498822
20 4 2.7 -0.78227127 0.0001279712  -0.72880936 0.14434725
20 4 2.8 -0.78039694 5.4380362e-05 -0.7307604  0.13898258
20 4 2.9 -0.77870864 7.794171e-05  -0.73229831 0.13459001
20 4 3.0 -0.77718198 6.4519481e-05 -0.73347968 0.13110662
20 4 3.1 -0.77579564 8.2465551e-05 -0.73449838 0.12802102
20 4 3.2 -0.77453083 6.0691058e-05 -0.73578668 0.12398058
20 4 3.3 -0.77337193 4.4742115e-05 -0.73662251 0.12127297
20 4 3.4 -0.77230704 4.3446576e-05 -0.73772055 0.11759301
20 4 3.5 -0.77132422 5.361787e-05  -0.73831695 0.11552476
20 4 3.6 -0.77041501 0.00012276272 -0.73894823 0.11327951
20 4 3.7 -0.76957303 6.4622305e-05 -0.73953611 0.11113637
20 4 3.8 -0.76878917 4.3022865e-05 -0.73973835 0.11039177
20 4 3.9 -0.76805747 6.8386224e-05 -0.74055457 0.1072612
20 4 4.0 -0.76737428 3.7145845e-05 -0.74075156 0.10649091
20 4 4.1 -0.76673406 4.0912677e-05 -0.74150294 0.10344694
20 4 4.2 -0.76613241 3.3424825e-05 -0.74170554 0.10259346
20 4 4.3 -0.76556796 2.4213643e-05 -0.74193984 0.10160029
20 4 4.4 -0.76503545 2.8292885e-05 -0.74224252 0.10028707
20 4 4.5 -0.76453257 2.1185208e-05 -0.74252898 0.099016115
20 4 4.6 -0.76405805 2.5998232e-05 -0.74272555 0.098128945
20 4 4.7 -0.76360714 8.2258564e-05 -0.74306989 0.096523583
20 4 4.8 -0.76318115 5.8615256e-05 -0.74325699 0.095635302
20 4 4.9 -0.76277685 1.6973776e-05 -0.74335247 0.095178686
20 4 5.0 -0.76239151 5.4040476e-05 -0.74359083 0.094003044
