20 4 0.3 -2.389338   -0.16101872 0.66849578
20 4 0.4 -1.8394478  -0.2187937  0.64826164
20 4 0.5 -1.5211882  -0.27756716 0.62181051
20 4 0.6 -1.318796   -0.33587773 0.58975096
20 4 0.7 -1.1824175  -0.39186811 0.5533846
20 4 0.8 -1.0868904  -0.44370896 0.51454516
20 4 0.9 -1.0180558  -0.49006136 0.47519503
20 4 1.  -0.96732077 -0.53032245 0.43699832
20 4 1.1 -0.92919438 -0.56457054 0.40108623
20 4 1.2 -0.90004308 -0.59332919 0.36805666
20 4 1.3 -0.87740047 -0.61731658 0.33810905
20 4 1.4 -0.85955763 -0.63727159 0.31120046
20 4 1.5 -0.84530868 -0.65386614 0.2871638
20 4 1.6 -0.83378825 -0.66767638 0.265779
20 4 1.7 -0.82436566 -0.67918355 0.24680959
20 4 1.8 -0.81657472 -0.68878591 0.23001986
20 4 1.9 -0.81006649 -0.69681247 0.21518263
20 4 2.  -0.80457679 -0.70353518 0.20208321
20 4 2.1 -0.79990355 -0.70917893 0.19052171
20 4 2.2 -0.79589074 -0.71392963 0.18031445
20 4 2.3 -0.79241685 -0.71794087 0.17129475
20 4 2.4 -0.78938642 -0.72133934 0.163313
20 4 2.5 -0.78672388 -0.72422939 0.15623623
20 4 2.6 -0.78436893 -0.72669692 0.14994722
20 4 2.7 -0.7822731  -0.72881258 0.14434339
20 4 2.8 -0.78039713 -0.73063447 0.13933543
20 4 2.9 -0.77870899 -0.7322104  0.13484591
20 4 3.  -0.77718239 -0.73357974 0.13080794
20 4 3.1 -0.77579556 -0.73477497 0.12716381
20 4 3.2 -0.77453039 -0.73582293 0.12386387
20 4 3.3 -0.77337171 -0.73674585 0.12086535
20 4 3.4 -0.77230673 -0.73756218 0.11813145
20 4 3.5 -0.77132458 -0.7382873  0.1156305
20 4 3.6 -0.77041603 -0.73893404 0.11333517
20 4 3.7 -0.76957314 -0.73951316 0.11122189
20 4 3.8 -0.76878905 -0.74003372 0.10927028
20 4 3.9 -0.76805786 -0.74050333 0.10746266
20 4 4.  -0.7673744  -0.74092847 0.10578371
20 4 4.1 -0.76673416 -0.74131463 0.10422006
20 4 4.2 -0.76613318 -0.7416665  0.10276006
20 4 4.3 -0.76556798 -0.74198809 0.10139353
20 4 4.4 -0.76503548 -0.74228286 0.10011152
20 4 4.5 -0.76453291 -0.74255377 0.098906143
20 4 4.6 -0.76405786 -0.74280341 0.097770466
20 4 4.7 -0.76360812 -0.743034   0.096698339
20 4 4.8 -0.76318174 -0.74324751 0.095684306
20 4 4.9 -0.76277697 -0.74344564 0.094723511
20 4 5.  -0.76239221 -0.74362988 0.093811622
