20 4 0.3 -2.3104911  -2.7069502e-15 0.69314736  9.9791606e-09  269
20 4 0.4 -1.7328684  -1.0366276e-14 0.69314736  9.8922683e-09  506
20 4 0.5 -1.3862947  -2.5120967e-12 0.69314736  9.9862421e-09 5892
20 4 0.6 -1.1713464  -0.19526294    0.58565009  7.6798825e-09  856
20 4 0.7 -1.0429654  -0.34184259    0.49078602  5.5879354e-09  683
20 4 0.8 -0.96224952 -0.44675002    0.41239959  0.             584
20 4 0.9 -0.90935767 -0.52149713    0.34907448  7.4505806e-09  507
20 4 1.  -0.87340075 -0.57519776    0.29820299  7.4505806e-09  491
20 4 1.1 -0.84816432 -0.61439878    0.25714207  7.4505806e-09  464
20 4 1.2 -0.82995236 -0.64342326    0.22383495  7.4505806e-09  418
20 4 1.3 -0.81647974 -0.66516685    0.19670677  7.4505806e-09  409
20 4 1.4 -0.80628628 -0.68162739    0.1745224   7.4505806e-09  366
20 4 1.5 -0.79841369 -0.69421172    0.15630294  7.4505806e-09  357
20 4 1.6 -0.79221743 -0.70392329    0.14127065  7.4505806e-09  344
20 4 1.7 -0.78725511 -0.71148491    0.1288093   7.4505806e-09  322
20 4 1.8 -0.78321731 -0.71742326    0.11842923  5.5879354e-09  311
20 4 1.9 -0.77988273 -0.72212309    0.10974328  9.3132257e-09  297
20 4 2.  -0.77709192 -0.72587156    0.10244076  9.3132257e-09  292
20 4 2.1 -0.77472723 -0.72888196    0.096275128 9.3132257e-09  287
20 4 2.2 -0.77270067 -0.73131597    0.091046356 9.3132257e-09  291
20 4 2.3 -0.77094579 -0.73329628    0.086593822 9.778887e-09   281
20 4 2.4 -0.76941204 -0.734918      0.082785659 9.3132257e-09  277
20 4 2.5 -0.76805973 -0.73625392    0.079514608 9.3132257e-09  273
20 4 2.6 -0.76685846 -0.73736131    0.076692618 9.0803951e-09  272
20 4 2.7 -0.76578349 -0.73828506    0.074245721 9.0803951e-09  267
20 4 2.8 -0.76481575 -0.73906106    0.072113112 3.259629e-09   282
20 4 2.9 -0.76393932 -0.73971707    0.070244566 9.778887e-09   271
20 4 3.  -0.76314133 -0.74027544    0.068597749 9.3132257e-09  262
20 4 3.1 -0.76241171 -0.74075466    0.067136802 9.3132257e-09  261
20 4 3.2 -0.76174152 -0.74116915    0.065831617 9.3132257e-09  261
20 4 3.3 -0.76112378 -0.7415306     0.064657465 9.3132257e-09  273
20 4 3.4 -0.76055229 -0.74184817    0.063593939 8.3819032e-09  263
20 4 3.5 -0.76002198 -0.74212974    0.062622808 9.3132257e-09  265
20 4 3.6 -0.7595287  -0.74238145    0.06173002  9.3132257e-09  268
20 4 3.7 -0.75906831 -0.74260807    0.060902841 7.4505806e-09  278
20 4 3.8 -0.75863785 -0.74281412    0.06013016  9.3132257e-09  278
20 4 3.9 -0.75823468 -0.74300283    0.059404232 9.3132257e-09  277
20 4 4.  -0.75785595 -0.74317658    0.058717422 7.4505806e-09  291
20 4 4.1 -0.75749999 -0.74333811    0.058063664 7.4505806e-09  288
20 4 4.2 -0.75716466 -0.74348885    0.057438444 7.4505806e-09  285
20 4 4.3 -0.75684822 -0.74363041    0.056836583 7.4505806e-09  287
20 4 4.4 -0.75654936 -0.7437641     0.056255125 7.4505806e-09  294
20 4 4.5 -0.75626671 -0.74389088    0.05569135  7.4505806e-09  296
20 4 4.6 -0.75599903 -0.74401134    0.055143289 7.4505806e-09  297
20 4 4.7 -0.75574511 -0.74412626    0.054608565 7.4505806e-09  301
20 4 4.8 -0.75550425 -0.74423635    0.054085821 7.4505806e-09  304
20 4 4.9 -0.75527537 -0.74434197    0.053573556 7.4505806e-09  309
20 4 5.  -0.75505775 -0.7444436     0.053070813 7.4505806e-09  312
