20 4 0.3   0.0031561034 0.079901617 0.00032654458 0.001503471
20 4 0.35  0.0046412218 0.09571741  0.00067525839 0.0024722803
20 4 0.4   0.0065874788 0.11235284  0.0012885051  0.0038147048
20 4 0.45  0.0091015663 0.12979194  0.0023072246  0.0056037666
20 4 0.5   0.012309781  0.14798364  0.0039196293  0.0079150087
20 4 0.55  0.016361724  0.16684061  0.0063649507  0.010825171
20 4 0.6   0.021434916  0.18624155  0.0099334633  0.014409971
20 4 0.65  0.027740804  0.20603726  0.014962262   0.018740711
20 4 0.7   0.035531267  0.22605931  0.02182758    0.023879053
20 4 0.75  0.045105383  0.24613071  0.030935351   0.029869781
20 4 0.8   0.056817762  0.26607653  0.042712271   0.036732967
20 4 0.85  0.071088479  0.28573359  0.057599611   0.044456041
20 4 0.9   0.088417961  0.30495847  0.076050812   0.052988768
20 4 1.    0.13478314   0.34166206  0.12553634    0.07210087
20 4 1.05  0.16543302   0.35898245  0.15757616    0.08242564
20 4 1.1   0.20243918   0.37555155  0.19521121    0.093080234
20 4 1.15  0.24712291   0.39134817  0.23905352    0.10393921
20 4 1.2   0.30109335   0.40636795  0.28978315    0.11489542
20 4 1.25  0.36630219   0.42061976  0.34816597    0.12586089
20 4 1.3   0.4451112    0.43412154  0.41507304    0.1367635
20 4 1.35  0.54036533   0.44689803  0.49150406    0.14754367
20 4 1.4   0.65548198   0.458978    0.57861539    0.15815073
20 4 1.45  0.79456567   0.47039258  0.67775137    0.16854214
20 4 1.5   0.96251146   0.48117408  0.79048606    0.17868412
20 4 1.55  1.1651764    0.49135486  0.91866763    0.18855321
20 4 1.6   1.4095258    0.50096654  1.0644744     0.19813717
20 4 1.65  1.7038599    0.51004036  1.2304748     0.20743311
20 4 1.7   2.0580221    0.51860595  1.419712      0.21644331
20 4 1.75  2.4836957    0.52669194  1.6357866     0.22517345
20 4 1.8   2.9946693    0.53432523  1.8829723     0.23363079
20 4 1.85  3.6073557    0.54153175  2.1663222     0.24182175
20 4 1.9   4.3409918    0.54833601  2.4918474     0.24975568
20 4 1.95  5.2183481    0.55476089  2.8666787     0.25743549
20 4 2.    6.2662399    0.5608284   3.2992444     0.26487005
20 4 2.05  7.5163731    0.56655913  3.7996221     0.27206404
20 4 2.1   9.0057698    0.57197248  4.3796266     0.27902347
20 4 2.15 10.777554     0.57708693  5.0535818     0.28574985
20 4 2.2  12.884871     0.58191985  5.8378717     0.29224911
